ncols         76
nrows         48
xllcorner     422950
yllcorner     197600
cellsize      50.0
NODATA_value  -9999
0.060000 0.060000 0.060000 0.060000 0.060000 0.060000 0.060000 0.060000 0.060000 0.060000 0.060000 0.060000 0.060000 0.060000 0.060000 0.060000 0.060000 0.060000 0.060000 0.060000 0.060000 0.060000 0.060000 0.060000 0.060000 0.060000 0.060000 0.060000 0.060000 0.060000 0.060000 0.060000 0.060000 0.060000 0.060000 0.060000 0.060000 0.060000 0.060000 0.060000 0.060000 0.060000 0.060000 0.060000 0.060000 0.060000 0.060000 0.060000 0.060000 0.060000 0.060000 0.060000 0.060000 0.060000 0.060000 0.060000 0.060000 0.060000 0.060000 0.060000 0.060000 0.060000 0.060000 0.060000 0.060000 0.060000 0.060000 0.060000 0.060000 0.060000 0.060000 0.060000 0.060000 0.060000 0.060000 0.060000
0.060000 0.060000 0.060000 0.060000 0.060000 0.060000 0.060000 0.060000 0.060000 0.060000 0.060000 0.060000 0.060000 0.060000 0.060000 0.060000 0.060000 0.060000 0.060000 0.060000 0.060000 0.060000 0.060000 0.060000 0.060000 0.060000 0.060000 0.060000 0.060000 0.060000 0.060000 0.060000 0.060000 0.060000 0.060000 0.060000 0.060000 0.060000 0.060000 0.060000 0.060000 0.060000 0.060000 0.060000 0.060000 0.060000 0.060000 0.060000 0.060000 0.060000 0.060000 0.060000 0.060000 0.060000 0.060000 0.060000 0.060000 0.060000 0.060000 0.060000 0.060000 0.060000 0.060000 0.060000 0.060000 0.060000 0.060000 0.060000 0.060000 0.060000 0.060000 0.060000 0.060000 0.060000 0.060000 0.060000
0.060000 0.060000 0.060000 0.060000 0.060000 0.060000 0.060000 0.060000 0.060000 0.060000 0.060000 0.060000 0.060000 0.060000 0.060000 0.060000 0.060000 0.060000 0.060000 0.060000 0.060000 0.060000 0.060000 0.060000 0.060000 0.060000 0.060000 0.060000 0.060000 0.060000 0.060000 0.060000 0.060000 0.060000 0.060000 0.060000 0.060000 0.060000 0.060000 0.060000 0.060000 0.060000 0.060000 0.060000 0.060000 0.060000 0.060000 0.060000 0.060000 0.060000 0.060000 0.060000 0.060000 0.060000 0.060000 0.060000 0.060000 0.060000 0.060000 0.060000 0.060000 0.060000 0.060000 0.060000 0.060000 0.060000 0.060000 0.060000 0.060000 0.060000 0.060000 0.060000 0.060000 0.060000 0.060000 0.060000
0.060000 0.060000 0.060000 0.060000 0.060000 0.060000 0.060000 0.060000 0.060000 0.060000 0.060000 0.060000 0.060000 0.060000 0.060000 0.060000 0.060000 0.060000 0.060000 0.060000 0.060000 0.060000 0.060000 0.060000 0.060000 0.060000 0.060000 0.060000 0.060000 0.060000 0.060000 0.060000 0.060000 0.060000 0.060000 0.060000 0.060000 0.060000 0.060000 0.060000 0.060000 0.060000 0.060000 0.060000 0.060000 0.060000 0.060000 0.060000 0.060000 0.060000 0.060000 0.060000 0.060000 0.060000 0.060000 0.060000 0.060000 0.060000 0.060000 0.060000 0.060000 0.060000 0.060000 0.060000 0.060000 0.060000 0.060000 0.060000 0.060000 0.060000 0.060000 0.060000 0.060000 0.060000 0.060000 0.060000
0.060000 0.060000 0.060000 0.060000 0.060000 0.060000 0.060000 0.060000 0.060000 0.060000 0.060000 0.060000 0.060000 0.060000 0.060000 0.060000 0.060000 0.060000 0.060000 0.060000 0.060000 0.060000 0.060000 0.060000 0.060000 0.060000 0.060000 0.060000 0.060000 0.060000 0.060000 0.060000 0.060000 0.060000 0.060000 0.060000 0.060000 0.060000 0.060000 0.060000 0.060000 0.060000 0.060000 0.060000 0.060000 0.060000 0.060000 0.060000 0.060000 0.060000 0.060000 0.060000 0.060000 0.060000 0.060000 0.060000 0.060000 0.060000 0.060000 0.060000 0.060000 0.060000 0.060000 0.060000 0.060000 0.060000 0.060000 0.060000 0.060000 0.060000 0.060000 0.060000 0.060000 0.060000 0.060000 0.060000
0.060000 0.060000 0.060000 0.060000 0.060000 0.060000 0.060000 0.060000 0.060000 0.060000 0.060000 0.060000 0.060000 0.060000 0.060000 0.060000 0.060000 0.060000 0.060000 0.060000 0.060000 0.060000 0.060000 0.060000 0.060000 0.060000 0.060000 0.060000 0.060000 0.060000 0.060000 0.060000 0.060000 0.060000 0.060000 0.060000 0.060000 0.060000 0.060000 0.060000 0.060000 0.060000 0.060000 0.060000 0.060000 0.060000 0.060000 0.060000 0.060000 0.060000 0.060000 0.060000 0.060000 0.060000 0.060000 0.060000 0.060000 0.060000 0.060000 0.060000 0.060000 0.060000 0.060000 0.060000 0.060000 0.060000 0.060000 0.060000 0.060000 0.060000 0.060000 0.060000 0.060000 0.060000 0.060000 0.060000
0.060000 0.060000 0.060000 0.060000 0.060000 0.060000 0.060000 0.060000 0.060000 0.060000 0.060000 0.060000 0.060000 0.060000 0.060000 0.060000 0.060000 0.060000 0.060000 0.060000 0.060000 0.060000 0.060000 0.060000 0.060000 0.060000 0.060000 0.060000 0.060000 0.060000 0.060000 0.060000 0.060000 0.060000 0.060000 0.060000 0.060000 0.060000 0.060000 0.060000 0.060000 0.060000 0.060000 0.060000 0.060000 0.060000 0.060000 0.060000 0.060000 0.060000 0.060000 0.060000 0.060000 0.060000 0.060000 0.060000 0.060000 0.060000 0.060000 0.060000 0.060000 0.060000 0.060000 0.060000 0.060000 0.060000 0.060000 0.060000 0.060000 0.060000 0.060000 0.060000 0.060000 0.060000 0.060000 0.060000
0.060000 0.060000 0.060000 0.060000 0.060000 0.060000 0.060000 0.060000 0.060000 0.060000 0.060000 0.060000 0.060000 0.060000 0.060000 0.060000 0.060000 0.060000 0.060000 0.060000 0.060000 0.060000 0.060000 0.060000 0.060000 0.060000 0.060000 0.060000 0.060000 0.060000 0.060000 0.060000 0.060000 0.060000 0.060000 0.060000 0.060000 0.060000 0.060000 0.060000 0.060000 0.060000 0.060000 0.060000 0.060000 0.060000 0.060000 0.060000 0.060000 0.060000 0.060000 0.060000 0.060000 0.060000 0.060000 0.060000 0.060000 0.060000 0.060000 0.060000 0.060000 0.060000 0.060000 0.060000 0.060000 0.060000 0.060000 0.060000 0.060000 0.060000 0.060000 0.060000 0.060000 0.060000 0.060000 0.060000
0.060000 0.060000 0.060000 0.060000 0.060000 0.060000 0.060000 0.060000 0.060000 0.060000 0.060000 0.060000 0.060000 0.060000 0.060000 0.060000 0.060000 0.060000 0.060000 0.060000 0.060000 0.060000 0.060000 0.060000 0.060000 0.060000 0.060000 0.060000 0.060000 0.060000 0.060000 0.060000 0.060000 0.060000 0.060000 0.060000 0.060000 0.060000 0.060000 0.060000 0.060000 0.060000 0.060000 0.060000 0.060000 0.060000 0.060000 0.060000 0.060000 0.060000 0.060000 0.060000 0.060000 0.060000 0.060000 0.060000 0.060000 0.060000 0.060000 0.060000 0.060000 0.060000 0.060000 0.060000 0.060000 0.060000 0.060000 0.060000 0.060000 0.060000 0.060000 0.060000 0.060000 0.060000 0.060000 0.060000
0.060000 0.060000 0.060000 0.060000 0.060000 0.060000 0.060000 0.060000 0.060000 0.060000 0.060000 0.060000 0.060000 0.060000 0.060000 0.060000 0.060000 0.060000 0.060000 0.060000 0.060000 0.060000 0.060000 0.060000 0.060000 0.060000 0.060000 0.060000 0.060000 0.060000 0.060000 0.060000 0.060000 0.060000 0.060000 0.060000 0.060000 0.060000 0.060000 0.060000 0.060000 0.060000 0.060000 0.060000 0.060000 0.060000 0.060000 0.060000 0.060000 0.060000 0.060000 0.060000 0.060000 0.060000 0.060000 0.060000 0.060000 0.060000 0.060000 0.060000 0.060000 0.060000 0.060000 0.060000 0.060000 0.060000 0.060000 0.060000 0.060000 0.060000 0.060000 0.060000 0.060000 0.060000 0.060000 0.060000
0.060000 0.060000 0.060000 0.060000 0.060000 0.060000 0.060000 0.060000 0.060000 0.060000 0.060000 0.060000 0.060000 0.060000 0.060000 0.060000 0.060000 0.060000 0.060000 0.060000 0.060000 0.060000 0.060000 0.060000 0.060000 0.060000 0.060000 0.060000 0.060000 0.060000 0.060000 0.060000 0.060000 0.060000 0.060000 0.060000 0.060000 0.060000 0.060000 0.060000 0.060000 0.060000 0.060000 0.060000 0.060000 0.060000 0.060000 0.060000 0.060000 0.060000 0.060000 0.060000 0.060000 0.060000 0.060000 0.060000 0.060000 0.060000 0.060000 0.060000 0.060000 0.060000 0.060000 0.060000 0.060000 0.060000 0.060000 0.060000 0.060000 0.060000 0.060000 0.060000 0.060000 0.060000 0.060000 0.060000
0.060000 0.060000 0.060000 0.060000 0.060000 0.060000 0.060000 0.060000 0.060000 0.060000 0.060000 0.060000 0.060000 0.060000 0.060000 0.060000 0.060000 0.060000 0.060000 0.060000 0.060000 0.060000 0.060000 0.060000 0.060000 0.060000 0.060000 0.060000 0.060000 0.060000 0.060000 0.060000 0.060000 0.060000 0.060000 0.060000 0.060000 0.060000 0.060000 0.060000 0.060000 0.060000 0.060000 0.060000 0.060000 0.060000 0.060000 0.060000 0.060000 0.060000 0.060000 0.060000 0.060000 0.060000 0.060000 0.060000 0.060000 0.060000 0.060000 0.060000 0.060000 0.060000 0.060000 0.060000 0.060000 0.060000 0.060000 0.060000 0.060000 0.060000 0.060000 0.060000 0.060000 0.060000 0.060000 0.060000
0.060000 0.060000 0.060000 0.060000 0.060000 0.060000 0.060000 0.060000 0.060000 0.060000 0.060000 0.060000 0.060000 0.060000 0.060000 0.060000 0.060000 0.060000 0.060000 0.060000 0.060000 0.060000 0.060000 0.060000 0.060000 0.060000 0.060000 0.060000 0.060000 0.060000 0.060000 0.060000 0.060000 0.060000 0.060000 0.060000 0.060000 0.060000 0.060000 0.060000 0.060000 0.060000 0.060000 0.060000 0.060000 0.060000 0.060000 0.060000 0.060000 0.060000 0.060000 0.060000 0.060000 0.060000 0.060000 0.060000 0.060000 0.060000 0.060000 0.060000 0.060000 0.060000 0.060000 0.060000 0.060000 0.060000 0.060000 0.060000 0.060000 0.060000 0.060000 0.060000 0.060000 0.060000 0.060000 0.060000
0.060000 0.060000 0.060000 0.060000 0.060000 0.060000 0.060000 0.060000 0.060000 0.060000 0.060000 0.060000 0.060000 0.060000 0.060000 0.060000 0.060000 0.060000 0.060000 0.060000 0.060000 0.060000 0.060000 0.060000 0.060000 0.060000 0.060000 0.060000 0.060000 0.060000 0.060000 0.060000 0.060000 0.060000 0.060000 0.060000 0.060000 0.060000 0.060000 0.060000 0.060000 0.060000 0.060000 0.060000 0.060000 0.060000 0.060000 0.060000 0.060000 0.060000 0.060000 0.060000 0.060000 0.060000 0.060000 0.060000 0.060000 0.060000 0.060000 0.060000 0.060000 0.060000 0.060000 0.060000 0.060000 0.060000 0.060000 0.060000 0.060000 0.060000 0.060000 0.060000 0.060000 0.060000 0.060000 0.060000
0.060000 0.060000 0.060000 0.060000 0.060000 0.060000 0.060000 0.060000 0.060000 0.060000 0.060000 0.060000 0.060000 0.060000 0.060000 0.060000 0.060000 0.060000 0.060000 0.060000 0.060000 0.060000 0.060000 0.060000 0.060000 0.060000 0.060000 0.060000 0.060000 0.060000 0.060000 0.060000 0.060000 0.060000 0.060000 0.060000 0.060000 0.060000 0.060000 0.060000 0.060000 0.060000 0.060000 0.060000 0.060000 0.060000 0.060000 0.060000 0.060000 0.060000 0.060000 0.060000 0.060000 0.060000 0.060000 0.060000 0.060000 0.060000 0.060000 0.060000 0.060000 0.060000 0.060000 0.060000 0.060000 0.060000 0.060000 0.060000 0.060000 0.060000 0.060000 0.060000 0.060000 0.060000 0.060000 0.060000
0.060000 0.060000 0.060000 0.060000 0.060000 0.060000 0.060000 0.060000 0.060000 0.060000 0.060000 0.060000 0.060000 0.060000 0.060000 0.060000 0.060000 0.060000 0.060000 0.060000 0.060000 0.060000 0.060000 0.060000 0.060000 0.060000 0.060000 0.060000 0.060000 0.060000 0.060000 0.060000 0.060000 0.060000 0.060000 0.060000 0.060000 0.060000 0.060000 0.060000 0.060000 0.060000 0.060000 0.060000 0.060000 0.060000 0.060000 0.060000 0.060000 0.060000 0.060000 0.060000 0.060000 0.060000 0.060000 0.060000 0.060000 0.060000 0.060000 0.060000 0.060000 0.060000 0.060000 0.060000 0.060000 0.060000 0.060000 0.060000 0.060000 0.060000 0.060000 0.060000 0.060000 0.060000 0.060000 0.060000
0.060000 0.060000 0.060000 0.060000 0.060000 0.060000 0.060000 0.060000 0.060000 0.060000 0.060000 0.060000 0.060000 0.060000 0.060000 0.060000 0.060000 0.060000 0.060000 0.060000 0.060000 0.060000 0.060000 0.060000 0.060000 0.060000 0.060000 0.060000 0.060000 0.060000 0.060000 0.060000 0.060000 0.060000 0.060000 0.060000 0.060000 0.060000 0.060000 0.060000 0.060000 0.060000 0.060000 0.060000 0.060000 0.060000 0.060000 0.060000 0.060000 0.060000 0.060000 0.060000 0.060000 0.060000 0.060000 0.060000 0.060000 0.060000 0.060000 0.060000 0.060000 0.060000 0.060000 0.060000 0.060000 0.060000 0.060000 0.060000 0.060000 0.060000 0.060000 0.060000 0.060000 0.060000 0.060000 0.060000
0.060000 0.060000 0.060000 0.060000 0.060000 0.060000 0.060000 0.060000 0.060000 0.060000 0.060000 0.060000 0.060000 0.060000 0.060000 0.060000 0.060000 0.060000 0.060000 0.060000 0.060000 0.060000 0.060000 0.060000 0.060000 0.060000 0.060000 0.060000 0.060000 0.060000 0.060000 0.060000 0.060000 0.060000 0.060000 0.060000 0.060000 0.060000 0.060000 0.060000 0.060000 0.060000 0.060000 0.060000 0.060000 0.060000 0.060000 0.060000 0.060000 0.060000 0.060000 0.060000 0.060000 0.060000 0.060000 0.060000 0.060000 0.060000 0.060000 0.060000 0.060000 0.060000 0.060000 0.060000 0.060000 0.060000 0.060000 0.060000 0.060000 0.060000 0.060000 0.060000 0.060000 0.060000 0.060000 0.060000
0.060000 0.060000 0.060000 0.060000 0.060000 0.060000 0.060000 0.060000 0.060000 0.060000 0.060000 0.060000 0.060000 0.060000 0.060000 0.060000 0.060000 0.060000 0.060000 0.060000 0.060000 0.060000 0.060000 0.060000 0.060000 0.060000 0.060000 0.060000 0.060000 0.060000 0.060000 0.060000 0.060000 0.060000 0.060000 0.060000 0.060000 0.060000 0.060000 0.060000 0.060000 0.060000 0.060000 0.060000 0.060000 0.060000 0.060000 0.060000 0.060000 0.060000 0.060000 0.060000 0.060000 0.060000 0.060000 0.060000 0.060000 0.060000 0.060000 0.060000 0.060000 0.060000 0.060000 0.060000 0.060000 0.060000 0.060000 0.060000 0.060000 0.060000 0.060000 0.060000 0.060000 0.060000 0.060000 0.060000
0.060000 0.060000 0.060000 0.060000 0.060000 0.060000 0.060000 0.060000 0.060000 0.060000 0.060000 0.060000 0.060000 0.060000 0.060000 0.060000 0.060000 0.060000 0.060000 0.060000 0.060000 0.060000 0.060000 0.060000 0.060000 0.060000 0.060000 0.060000 0.060000 0.060000 0.060000 0.060000 0.060000 0.060000 0.060000 0.060000 0.060000 0.060000 0.060000 0.060000 0.060000 0.060000 0.060000 0.060000 0.060000 0.060000 0.060000 0.060000 0.060000 0.060000 0.060000 0.060000 0.060000 0.060000 0.060000 0.060000 0.060000 0.060000 0.060000 0.060000 0.060000 0.060000 0.060000 0.060000 0.060000 0.060000 0.060000 0.060000 0.060000 0.060000 0.060000 0.060000 0.060000 0.060000 0.060000 0.060000
0.060000 0.060000 0.060000 0.060000 0.060000 0.060000 0.060000 0.060000 0.060000 0.060000 0.060000 0.060000 0.060000 0.060000 0.060000 0.060000 0.060000 0.060000 0.060000 0.060000 0.060000 0.060000 0.060000 0.060000 0.060000 0.060000 0.060000 0.060000 0.060000 0.060000 0.060000 0.060000 0.060000 0.060000 0.060000 0.060000 0.060000 0.060000 0.060000 0.060000 0.060000 0.060000 0.060000 0.060000 0.060000 0.060000 0.060000 0.060000 0.060000 0.060000 0.060000 0.060000 0.060000 0.060000 0.060000 0.060000 0.060000 0.060000 0.060000 0.060000 0.060000 0.060000 0.060000 0.060000 0.060000 0.060000 0.060000 0.060000 0.060000 0.060000 0.060000 0.060000 0.060000 0.060000 0.060000 0.060000
0.060000 0.060000 0.060000 0.060000 0.060000 0.060000 0.060000 0.060000 0.060000 0.060000 0.060000 0.060000 0.060000 0.060000 0.060000 0.060000 0.060000 0.060000 0.060000 0.060000 0.060000 0.060000 0.060000 0.060000 0.060000 0.060000 0.060000 0.060000 0.060000 0.060000 0.060000 0.060000 0.060000 0.060000 0.060000 0.060000 0.060000 0.060000 0.060000 0.060000 0.060000 0.060000 0.060000 0.060000 0.060000 0.060000 0.060000 0.060000 0.060000 0.060000 0.060000 0.060000 0.060000 0.060000 0.060000 0.060000 0.060000 0.060000 0.060000 0.060000 0.060000 0.060000 0.060000 0.060000 0.060000 0.060000 0.060000 0.060000 0.060000 0.060000 0.060000 0.060000 0.060000 0.060000 0.060000 0.060000
0.060000 0.060000 0.060000 0.060000 0.060000 0.060000 0.060000 0.060000 0.060000 0.060000 0.060000 0.060000 0.060000 0.060000 0.060000 0.060000 0.060000 0.060000 0.060000 0.060000 0.060000 0.060000 0.060000 0.060000 0.060000 0.060000 0.060000 0.060000 0.060000 0.060000 0.060000 0.060000 0.060000 0.060000 0.060000 0.060000 0.060000 0.060000 0.060000 0.060000 0.060000 0.060000 0.060000 0.060000 0.060000 0.060000 0.060000 0.060000 0.060000 0.060000 0.060000 0.060000 0.060000 0.060000 0.060000 0.060000 0.060000 0.060000 0.060000 0.060000 0.060000 0.060000 0.060000 0.060000 0.060000 0.060000 0.060000 0.060000 0.060000 0.060000 0.060000 0.060000 0.060000 0.060000 0.060000 0.060000
0.060000 0.060000 0.060000 0.060000 0.060000 0.060000 0.060000 0.060000 0.060000 0.060000 0.060000 0.060000 0.060000 0.060000 0.060000 0.060000 0.060000 0.060000 0.060000 0.060000 0.060000 0.060000 0.060000 0.060000 0.060000 0.060000 0.060000 0.060000 0.060000 0.060000 0.060000 0.060000 0.060000 0.060000 0.060000 0.060000 0.060000 0.060000 0.060000 0.060000 0.060000 0.060000 0.060000 0.060000 0.060000 0.060000 0.060000 0.060000 0.060000 0.060000 0.060000 0.060000 0.060000 0.060000 0.060000 0.060000 0.060000 0.060000 0.060000 0.060000 0.060000 0.060000 0.060000 0.060000 0.060000 0.060000 0.060000 0.060000 0.060000 0.060000 0.060000 0.060000 0.060000 0.060000 0.060000 0.060000
0.060000 0.060000 0.060000 0.060000 0.060000 0.060000 0.060000 0.060000 0.060000 0.060000 0.060000 0.060000 0.060000 0.060000 0.060000 0.060000 0.060000 0.060000 0.060000 0.060000 0.060000 0.060000 0.060000 0.060000 0.060000 0.060000 0.060000 0.060000 0.060000 0.060000 0.060000 0.060000 0.060000 0.060000 0.060000 0.060000 0.060000 0.060000 0.060000 0.060000 0.060000 0.060000 0.060000 0.060000 0.060000 0.060000 0.060000 0.060000 0.060000 0.060000 0.060000 0.060000 0.060000 0.060000 0.060000 0.060000 0.060000 0.060000 0.060000 0.060000 0.060000 0.060000 0.060000 0.060000 0.060000 0.060000 0.060000 0.060000 0.060000 0.060000 0.060000 0.060000 0.060000 0.060000 0.060000 0.060000
0.060000 0.060000 0.060000 0.060000 0.060000 0.060000 0.060000 0.060000 0.060000 0.060000 0.060000 0.060000 0.060000 0.060000 0.060000 0.060000 0.060000 0.060000 0.060000 0.060000 0.060000 0.060000 0.060000 0.060000 0.060000 0.060000 0.060000 0.060000 0.060000 0.060000 0.060000 0.060000 0.060000 0.060000 0.060000 0.060000 0.060000 0.060000 0.060000 0.060000 0.060000 0.060000 0.060000 0.060000 0.060000 0.060000 0.060000 0.060000 0.060000 0.060000 0.060000 0.060000 0.060000 0.060000 0.060000 0.060000 0.060000 0.060000 0.060000 0.060000 0.060000 0.060000 0.060000 0.060000 0.060000 0.060000 0.060000 0.060000 0.060000 0.060000 0.060000 0.060000 0.060000 0.060000 0.060000 0.060000
0.060000 0.060000 0.060000 0.060000 0.060000 0.060000 0.060000 0.060000 0.060000 0.060000 0.060000 0.060000 0.060000 0.060000 0.060000 0.060000 0.060000 0.060000 0.060000 0.060000 0.060000 0.060000 0.060000 0.060000 0.060000 0.060000 0.060000 0.060000 0.060000 0.060000 0.060000 0.060000 0.060000 0.060000 0.060000 0.060000 0.060000 0.060000 0.060000 0.060000 0.060000 0.060000 0.060000 0.060000 0.060000 0.060000 0.060000 0.060000 0.060000 0.060000 0.060000 0.060000 0.060000 0.060000 0.060000 0.060000 0.060000 0.060000 0.060000 0.060000 0.060000 0.060000 0.060000 0.060000 0.060000 0.060000 0.060000 0.060000 0.060000 0.060000 0.060000 0.060000 0.060000 0.060000 0.060000 0.060000
0.060000 0.060000 0.060000 0.060000 0.060000 0.060000 0.060000 0.060000 0.060000 0.060000 0.060000 0.060000 0.060000 0.060000 0.060000 0.060000 0.060000 0.060000 0.060000 0.060000 0.060000 0.060000 0.060000 0.060000 0.060000 0.060000 0.060000 0.060000 0.060000 0.060000 0.060000 0.060000 0.060000 0.060000 0.060000 0.060000 0.060000 0.060000 0.060000 0.060000 0.060000 0.060000 0.060000 0.060000 0.060000 0.060000 0.060000 0.060000 0.060000 0.060000 0.060000 0.060000 0.060000 0.060000 0.060000 0.060000 0.060000 0.060000 0.060000 0.060000 0.060000 0.060000 0.060000 0.060000 0.060000 0.060000 0.060000 0.060000 0.060000 0.060000 0.060000 0.060000 0.060000 0.060000 0.060000 0.060000
0.060000 0.060000 0.060000 0.060000 0.060000 0.060000 0.060000 0.060000 0.060000 0.060000 0.060000 0.060000 0.060000 0.060000 0.060000 0.060000 0.060000 0.060000 0.060000 0.060000 0.060000 0.060000 0.060000 0.060000 0.060000 0.060000 0.060000 0.060000 0.060000 0.060000 0.060000 0.060000 0.060000 0.060000 0.060000 0.060000 0.060000 0.060000 0.060000 0.060000 0.060000 0.060000 0.060000 0.060000 0.060000 0.060000 0.060000 0.060000 0.060000 0.060000 0.060000 0.060000 0.060000 0.060000 0.060000 0.060000 0.060000 0.060000 0.060000 0.060000 0.060000 0.060000 0.060000 0.060000 0.060000 0.060000 0.060000 0.060000 0.060000 0.060000 0.060000 0.060000 0.060000 0.060000 0.060000 0.060000
0.060000 0.060000 0.060000 0.060000 0.060000 0.060000 0.060000 0.060000 0.060000 0.060000 0.060000 0.060000 0.060000 0.060000 0.060000 0.060000 0.060000 0.060000 0.060000 0.060000 0.060000 0.060000 0.060000 0.060000 0.060000 0.060000 0.060000 0.060000 0.060000 0.060000 0.060000 0.060000 0.060000 0.060000 0.060000 0.060000 0.060000 0.060000 0.060000 0.060000 0.060000 0.060000 0.060000 0.060000 0.060000 0.060000 0.060000 0.060000 0.060000 0.060000 0.060000 0.060000 0.060000 0.060000 0.060000 0.060000 0.060000 0.060000 0.060000 0.060000 0.060000 0.060000 0.060000 0.060000 0.060000 0.060000 0.060000 0.060000 0.060000 0.060000 0.060000 0.060000 0.060000 0.060000 0.060000 0.060000
0.060000 0.060000 0.060000 0.060000 0.060000 0.060000 0.060000 0.060000 0.060000 0.060000 0.060000 0.060000 0.060000 0.060000 0.060000 0.060000 0.060000 0.060000 0.060000 0.060000 0.060000 0.060000 0.060000 0.060000 0.060000 0.060000 0.060000 0.060000 0.060000 0.060000 0.060000 0.060000 0.060000 0.060000 0.060000 0.060000 0.060000 0.060000 0.060000 0.060000 0.060000 0.060000 0.060000 0.060000 0.060000 0.060000 0.060000 0.060000 0.060000 0.060000 0.060000 0.060000 0.060000 0.060000 0.060000 0.060000 0.060000 0.060000 0.060000 0.060000 0.060000 0.060000 0.060000 0.060000 0.060000 0.060000 0.060000 0.060000 0.060000 0.060000 0.060000 0.060000 0.060000 0.060000 0.060000 0.060000
0.060000 0.060000 0.060000 0.060000 0.060000 0.060000 0.060000 0.060000 0.060000 0.060000 0.060000 0.060000 0.060000 0.060000 0.060000 0.060000 0.060000 0.060000 0.060000 0.060000 0.060000 0.060000 0.060000 0.060000 0.060000 0.060000 0.060000 0.060000 0.060000 0.060000 0.060000 0.060000 0.060000 0.060000 0.060000 0.060000 0.060000 0.060000 0.060000 0.060000 0.060000 0.060000 0.060000 0.060000 0.060000 0.060000 0.060000 0.060000 0.060000 0.060000 0.060000 0.060000 0.060000 0.060000 0.060000 0.060000 0.060000 0.060000 0.060000 0.060000 0.060000 0.060000 0.060000 0.060000 0.060000 0.060000 0.060000 0.060000 0.060000 0.060000 0.060000 0.060000 0.060000 0.060000 0.060000 0.060000
0.060000 0.060000 0.060000 0.060000 0.060000 0.060000 0.060000 0.060000 0.060000 0.060000 0.060000 0.060000 0.060000 0.060000 0.060000 0.060000 0.060000 0.060000 0.060000 0.060000 0.060000 0.060000 0.060000 0.060000 0.060000 0.060000 0.060000 0.060000 0.060000 0.060000 0.060000 0.060000 0.060000 0.060000 0.060000 0.060000 0.060000 0.060000 0.060000 0.060000 0.060000 0.060000 0.060000 0.060000 0.060000 0.060000 0.060000 0.060000 0.060000 0.060000 0.060000 0.060000 0.060000 0.060000 0.060000 0.060000 0.060000 0.060000 0.060000 0.060000 0.060000 0.060000 0.060000 0.060000 0.060000 0.060000 0.060000 0.060000 0.060000 0.060000 0.060000 0.060000 0.060000 0.060000 0.060000 0.060000
0.060000 0.060000 0.060000 0.060000 0.060000 0.060000 0.060000 0.060000 0.060000 0.060000 0.060000 0.060000 0.060000 0.060000 0.060000 0.060000 0.060000 0.060000 0.060000 0.060000 0.060000 0.060000 0.060000 0.060000 0.060000 0.060000 0.060000 0.060000 0.060000 0.060000 0.060000 0.060000 0.060000 0.060000 0.060000 0.060000 0.060000 0.060000 0.060000 0.060000 0.060000 0.060000 0.060000 0.060000 0.060000 0.060000 0.060000 0.060000 0.060000 0.060000 0.060000 0.060000 0.060000 0.060000 0.060000 0.060000 0.060000 0.060000 0.060000 0.060000 0.060000 0.060000 0.060000 0.060000 0.060000 0.060000 0.060000 0.060000 0.060000 0.060000 0.060000 0.060000 0.060000 0.060000 0.060000 0.060000
0.060000 0.060000 0.060000 0.060000 0.060000 0.060000 0.060000 0.060000 0.060000 0.060000 0.060000 0.060000 0.060000 0.060000 0.060000 0.060000 0.060000 0.060000 0.060000 0.060000 0.060000 0.060000 0.060000 0.060000 0.060000 0.060000 0.060000 0.060000 0.060000 0.060000 0.060000 0.060000 0.060000 0.060000 0.060000 0.060000 0.060000 0.060000 0.060000 0.060000 0.060000 0.060000 0.060000 0.060000 0.060000 0.060000 0.060000 0.060000 0.060000 0.060000 0.060000 0.060000 0.060000 0.060000 0.060000 0.060000 0.060000 0.060000 0.060000 0.060000 0.060000 0.060000 0.060000 0.060000 0.060000 0.060000 0.060000 0.060000 0.060000 0.060000 0.060000 0.060000 0.060000 0.060000 0.060000 0.060000
0.060000 0.060000 0.060000 0.060000 0.060000 0.060000 0.060000 0.060000 0.060000 0.060000 0.060000 0.060000 0.060000 0.060000 0.060000 0.060000 0.060000 0.060000 0.060000 0.060000 0.060000 0.060000 0.060000 0.060000 0.060000 0.060000 0.060000 0.060000 0.060000 0.060000 0.060000 0.060000 0.060000 0.060000 0.060000 0.060000 0.060000 0.060000 0.060000 0.060000 0.060000 0.060000 0.060000 0.060000 0.060000 0.060000 0.060000 0.060000 0.060000 0.060000 0.060000 0.060000 0.060000 0.060000 0.060000 0.060000 0.060000 0.060000 0.060000 0.060000 0.060000 0.060000 0.060000 0.060000 0.060000 0.060000 0.060000 0.060000 0.060000 0.060000 0.060000 0.060000 0.060000 0.060000 0.060000 0.060000
0.060000 0.060000 0.060000 0.060000 0.060000 0.060000 0.060000 0.060000 0.060000 0.060000 0.060000 0.060000 0.060000 0.060000 0.060000 0.060000 0.060000 0.060000 0.060000 0.060000 0.060000 0.060000 0.060000 0.060000 0.060000 0.060000 0.060000 0.060000 0.060000 0.060000 0.060000 0.060000 0.060000 0.060000 0.060000 0.060000 0.060000 0.060000 0.060000 0.060000 0.060000 0.060000 0.060000 0.060000 0.060000 0.060000 0.060000 0.060000 0.060000 0.060000 0.060000 0.060000 0.060000 0.060000 0.060000 0.060000 0.060000 0.060000 0.060000 0.060000 0.060000 0.060000 0.060000 0.060000 0.060000 0.060000 0.060000 0.060000 0.060000 0.060000 0.060000 0.060000 0.060000 0.060000 0.060000 0.060000
0.060000 0.060000 0.060000 0.060000 0.060000 0.060000 0.060000 0.060000 0.060000 0.060000 0.060000 0.060000 0.060000 0.060000 0.060000 0.060000 0.060000 0.060000 0.060000 0.060000 0.060000 0.060000 0.060000 0.060000 0.060000 0.060000 0.060000 0.060000 0.060000 0.060000 0.060000 0.060000 0.060000 0.060000 0.060000 0.060000 0.060000 0.060000 0.060000 0.060000 0.060000 0.060000 0.060000 0.060000 0.060000 0.060000 0.060000 0.060000 0.060000 0.060000 0.060000 0.060000 0.060000 0.060000 0.060000 0.060000 0.060000 0.060000 0.060000 0.060000 0.060000 0.060000 0.060000 0.060000 0.060000 0.060000 0.060000 0.060000 0.060000 0.060000 0.060000 0.060000 0.060000 0.060000 0.060000 0.060000
0.060000 0.060000 0.060000 0.060000 0.060000 0.060000 0.060000 0.060000 0.060000 0.060000 0.060000 0.060000 0.060000 0.060000 0.060000 0.060000 0.060000 0.060000 0.060000 0.060000 0.060000 0.060000 0.060000 0.060000 0.060000 0.060000 0.060000 0.060000 0.060000 0.060000 0.060000 0.060000 0.060000 0.060000 0.060000 0.060000 0.060000 0.060000 0.060000 0.060000 0.060000 0.060000 0.060000 0.060000 0.060000 0.060000 0.060000 0.060000 0.060000 0.060000 0.060000 0.060000 0.060000 0.060000 0.060000 0.060000 0.060000 0.060000 0.060000 0.060000 0.060000 0.060000 0.060000 0.060000 0.060000 0.060000 0.060000 0.060000 0.060000 0.060000 0.060000 0.060000 0.060000 0.060000 0.060000 0.060000
0.060000 0.060000 0.060000 0.060000 0.060000 0.060000 0.060000 0.060000 0.060000 0.060000 0.060000 0.060000 0.060000 0.060000 0.060000 0.060000 0.060000 0.060000 0.060000 0.060000 0.060000 0.060000 0.060000 0.060000 0.060000 0.060000 0.060000 0.060000 0.060000 0.060000 0.060000 0.060000 0.060000 0.060000 0.060000 0.060000 0.060000 0.060000 0.060000 0.060000 0.060000 0.060000 0.060000 0.060000 0.060000 0.060000 0.060000 0.060000 0.060000 0.060000 0.060000 0.060000 0.060000 0.060000 0.060000 0.060000 0.060000 0.060000 0.060000 0.060000 0.060000 0.060000 0.060000 0.060000 0.060000 0.060000 0.060000 0.060000 0.060000 0.060000 0.060000 0.060000 0.060000 0.060000 0.060000 0.060000
0.060000 0.060000 0.060000 0.060000 0.060000 0.060000 0.060000 0.060000 0.060000 0.060000 0.060000 0.060000 0.060000 0.060000 0.060000 0.060000 0.060000 0.060000 0.060000 0.060000 0.060000 0.060000 0.060000 0.060000 0.060000 0.060000 0.060000 0.060000 0.060000 0.060000 0.060000 0.060000 0.060000 0.060000 0.060000 0.060000 0.060000 0.060000 0.060000 0.060000 0.060000 0.060000 0.060000 0.060000 0.060000 0.060000 0.060000 0.060000 0.060000 0.060000 0.060000 0.060000 0.060000 0.060000 0.060000 0.060000 0.060000 0.060000 0.060000 0.060000 0.060000 0.060000 0.060000 0.060000 0.060000 0.060000 0.060000 0.060000 0.060000 0.060000 0.060000 0.060000 0.060000 0.060000 0.060000 0.060000
0.060000 0.060000 0.060000 0.060000 0.060000 0.060000 0.060000 0.060000 0.060000 0.060000 0.060000 0.060000 0.060000 0.060000 0.060000 0.060000 0.060000 0.060000 0.060000 0.060000 0.060000 0.060000 0.060000 0.060000 0.060000 0.060000 0.060000 0.060000 0.060000 0.060000 0.060000 0.060000 0.060000 0.060000 0.060000 0.060000 0.060000 0.060000 0.060000 0.060000 0.060000 0.060000 0.060000 0.060000 0.060000 0.060000 0.060000 0.060000 0.060000 0.060000 0.060000 0.060000 0.060000 0.060000 0.060000 0.060000 0.060000 0.060000 0.060000 0.060000 0.060000 0.060000 0.060000 0.060000 0.060000 0.060000 0.060000 0.060000 0.060000 0.060000 0.060000 0.060000 0.060000 0.060000 0.060000 0.060000
0.060000 0.060000 0.060000 0.060000 0.060000 0.060000 0.060000 0.060000 0.060000 0.060000 0.060000 0.060000 0.060000 0.060000 0.060000 0.060000 0.060000 0.060000 0.060000 0.060000 0.060000 0.060000 0.060000 0.060000 0.060000 0.060000 0.060000 0.060000 0.060000 0.060000 0.060000 0.060000 0.060000 0.060000 0.060000 0.060000 0.060000 0.060000 0.060000 0.060000 0.060000 0.060000 0.060000 0.060000 0.060000 0.060000 0.060000 0.060000 0.060000 0.060000 0.060000 0.060000 0.060000 0.060000 0.060000 0.060000 0.060000 0.060000 0.060000 0.060000 0.060000 0.060000 0.060000 0.060000 0.060000 0.060000 0.060000 0.060000 0.060000 0.060000 0.060000 0.060000 0.060000 0.060000 0.060000 0.060000
0.060000 0.060000 0.060000 0.060000 0.060000 0.060000 0.060000 0.060000 0.060000 0.060000 0.060000 0.060000 0.060000 0.060000 0.060000 0.060000 0.060000 0.060000 0.060000 0.060000 0.060000 0.060000 0.060000 0.060000 0.060000 0.060000 0.060000 0.060000 0.060000 0.060000 0.060000 0.060000 0.060000 0.060000 0.060000 0.060000 0.060000 0.060000 0.060000 0.060000 0.060000 0.060000 0.060000 0.060000 0.060000 0.060000 0.060000 0.060000 0.060000 0.060000 0.060000 0.060000 0.060000 0.060000 0.060000 0.060000 0.060000 0.060000 0.060000 0.060000 0.060000 0.060000 0.060000 0.060000 0.060000 0.060000 0.060000 0.060000 0.060000 0.060000 0.060000 0.060000 0.060000 0.060000 0.060000 0.060000
0.060000 0.060000 0.060000 0.060000 0.060000 0.060000 0.060000 0.060000 0.060000 0.060000 0.060000 0.060000 0.060000 0.060000 0.060000 0.060000 0.060000 0.060000 0.060000 0.060000 0.060000 0.060000 0.060000 0.060000 0.060000 0.060000 0.060000 0.060000 0.060000 0.060000 0.060000 0.060000 0.060000 0.060000 0.060000 0.060000 0.060000 0.060000 0.060000 0.060000 0.060000 0.060000 0.060000 0.060000 0.060000 0.060000 0.060000 0.060000 0.060000 0.060000 0.060000 0.060000 0.060000 0.060000 0.060000 0.060000 0.060000 0.060000 0.060000 0.060000 0.060000 0.060000 0.060000 0.060000 0.060000 0.060000 0.060000 0.060000 0.060000 0.060000 0.060000 0.060000 0.060000 0.060000 0.060000 0.060000
0.060000 0.060000 0.060000 0.060000 0.060000 0.060000 0.060000 0.060000 0.060000 0.060000 0.060000 0.060000 0.060000 0.060000 0.060000 0.060000 0.060000 0.060000 0.060000 0.060000 0.060000 0.060000 0.060000 0.060000 0.060000 0.060000 0.060000 0.060000 0.060000 0.060000 0.060000 0.060000 0.060000 0.060000 0.060000 0.060000 0.060000 0.060000 0.060000 0.060000 0.060000 0.060000 0.060000 0.060000 0.060000 0.060000 0.060000 0.060000 0.060000 0.060000 0.060000 0.060000 0.060000 0.060000 0.060000 0.060000 0.060000 0.060000 0.060000 0.060000 0.060000 0.060000 0.060000 0.060000 0.060000 0.060000 0.060000 0.060000 0.060000 0.060000 0.060000 0.060000 0.060000 0.060000 0.060000 0.060000
0.060000 0.060000 0.060000 0.060000 0.060000 0.060000 0.060000 0.060000 0.060000 0.060000 0.060000 0.060000 0.060000 0.060000 0.060000 0.060000 0.060000 0.060000 0.060000 0.060000 0.060000 0.060000 0.060000 0.060000 0.060000 0.060000 0.060000 0.060000 0.060000 0.060000 0.060000 0.060000 0.060000 0.060000 0.060000 0.060000 0.060000 0.060000 0.060000 0.060000 0.060000 0.060000 0.060000 0.060000 0.060000 0.060000 0.060000 0.060000 0.060000 0.060000 0.060000 0.060000 0.060000 0.060000 0.060000 0.060000 0.060000 0.060000 0.060000 0.060000 0.060000 0.060000 0.060000 0.060000 0.060000 0.060000 0.060000 0.060000 0.060000 0.060000 0.060000 0.060000 0.060000 0.060000 0.060000 0.060000
0.060000 0.060000 0.060000 0.060000 0.060000 0.060000 0.060000 0.060000 0.060000 0.060000 0.060000 0.060000 0.060000 0.060000 0.060000 0.060000 0.060000 0.060000 0.060000 0.060000 0.060000 0.060000 0.060000 0.060000 0.060000 0.060000 0.060000 0.060000 0.060000 0.060000 0.060000 0.060000 0.060000 0.060000 0.060000 0.060000 0.060000 0.060000 0.060000 0.060000 0.060000 0.060000 0.060000 0.060000 0.060000 0.060000 0.060000 0.060000 0.060000 0.060000 0.060000 0.060000 0.060000 0.060000 0.060000 0.060000 0.060000 0.060000 0.060000 0.060000 0.060000 0.060000 0.060000 0.060000 0.060000 0.060000 0.060000 0.060000 0.060000 0.060000 0.060000 0.060000 0.060000 0.060000 0.060000 0.060000 
